[mt] OMP_NUM_THREADS=2 OPENBLAS_NUM_THREADS=2

           forme   legacy       v2    numpy  x_v2/leg  v2/numpy   f64
        64x64x64     19.1     20.0     18.2      1.05      1.10
     128x128x128     41.1     51.6     38.4      1.25      1.34
     256x256x256     51.7     62.8     66.3      1.22      0.95
     384x384x384     46.5     68.0     82.8      1.46      0.82
     512x512x512     47.5     71.2     81.9      1.50      0.87
     768x768x768     46.6     75.1     97.9      1.61      0.77
  1024x1024x1024     34.0     71.6    106.6      2.11      0.67
   1024x768x1024     47.3     82.8    124.3      1.75      0.67
       1x512x512      5.6      5.6      8.6      1.00      0.65
       4x512x512     19.4     19.4     15.4      1.00      1.26
      16x512x512     41.3     41.2     48.6      1.00      0.85
     32x768x3072     39.7     47.6     77.2      1.20      0.62
     64x3072x768     38.4     53.1     75.5      1.38      0.70
     128x784x256     45.0     64.5     85.7      1.43      0.75
      256x256x10     46.2     46.1     20.3      1.00      2.27
      512x64x512     42.4     83.8     64.8      1.98      1.29
      512x16x512     22.0     70.7     28.9      3.21      2.44
    2048x128x128     45.8     84.9     72.2      1.85      1.18
     100x100x100     40.1     55.6     38.3      1.39      1.45
     333x257x129     44.1     70.1     64.0      1.59      1.10

           forme   legacy       v2    numpy  x_v2/leg  v2/numpy   f32
        64x64x64     22.6     48.6     27.9      2.15      1.74
     128x128x128     99.1    110.4     75.0      1.11      1.47
     256x256x256    122.8    146.0    144.6      1.19      1.01
     384x384x384     87.0    128.4    197.1      1.48      0.65
     512x512x512    109.9    161.3    207.7      1.47      0.78
     768x768x768    111.9    171.1    230.7      1.53      0.74
  1024x1024x1024     86.3    171.5    242.6      1.99      0.71
   1024x768x1024     89.9    166.5    233.1      1.85      0.71
       1x512x512     12.8     13.0     26.2      1.01      0.50
       4x512x512     28.8     28.8     18.6      1.00      1.55
      16x512x512     92.7     93.6     62.5      1.01      1.50
     32x768x3072     90.5     90.6     98.1      1.00      0.92
     64x3072x768     95.2     96.4    139.5      1.01      0.69
     128x784x256     93.1    120.8    149.2      1.30      0.81
      256x256x10     90.6     83.4     29.7      0.92      2.81
      512x64x512     76.2    166.7    116.4      2.19      1.43
      512x16x512     30.4    137.0     42.0      4.51      3.26
    2048x128x128     93.2    149.8    157.0      1.61      0.95
     100x100x100     65.3     84.7     37.6      1.30      2.25
     333x257x129     83.8     95.4    128.4      1.14      0.74

  f64: acceleration mediane x1.43, min x1.00, max x3.21, err max 1.49e-15
  f32: acceleration mediane x1.30, min x0.92, max x4.51, err max 8.28e-07
-> /home/user/SpearVM/experiments/results/port_mt.csv
