[st] OMP_NUM_THREADS=1 OPENBLAS_NUM_THREADS=1

           forme   legacy       v2    numpy  x_v2/leg  v2/numpy   f64
        64x64x64     20.6     20.7     18.6      1.00      1.11
     128x128x128     23.5     39.7     45.0      1.69      0.88
     256x256x256     26.0     43.1     53.6      1.66      0.80
     384x384x384     23.2     43.7     55.8      1.89      0.78
     512x512x512     23.7     43.7     59.3      1.84      0.74
     768x768x768     23.8     43.5     64.1      1.83      0.68
  1024x1024x1024     20.2     41.8     65.3      2.07      0.64
   1024x768x1024     23.9     42.5     66.1      1.78      0.64
       1x512x512      5.7      5.7      8.5      1.00      0.67
       4x512x512     20.1     20.0     10.3      1.00      1.95
      16x512x512     22.4     22.4     24.6      1.00      0.91
     32x768x3072     21.7     27.8     42.3      1.28      0.66
     64x3072x768     17.9     32.9     45.0      1.84      0.73
     128x784x256     24.3     38.3     50.4      1.58      0.76
      256x256x10     25.6     25.6     20.8      1.00      1.23
      512x64x512     21.3     46.6     43.6      2.19      1.07
      512x16x512     12.4     42.0     22.6      3.39      1.86
    2048x128x128     22.3     43.5     44.0      1.95      0.99
     100x100x100     20.6     35.9     40.1      1.74      0.90
     333x257x129     22.7     42.0     29.7      1.85      1.42

           forme   legacy       v2    numpy  x_v2/leg  v2/numpy   f32
        64x64x64     36.3     37.7     30.2      1.04      1.25
     128x128x128     49.2     68.7     84.0      1.40      0.82
     256x256x256     50.1     84.2    104.9      1.68      0.80
     384x384x384     44.1     88.3    107.9      2.00      0.82
     512x512x512     60.0     86.0    117.6      1.43      0.73
     768x768x768     49.3     90.3    123.0      1.83      0.73
  1024x1024x1024     54.2     88.9    118.0      1.64      0.75
   1024x768x1024     58.7     88.3    122.5      1.50      0.72
       1x512x512     18.1     18.1     34.9      1.00      0.52
       4x512x512     16.2     16.2     14.3      1.00      1.13
      16x512x512     61.5     61.5     41.3      1.00      1.49
     32x768x3072     45.7     45.6     56.7      1.00      0.80
     64x3072x768     59.2     68.2     79.7      1.15      0.85
     128x784x256     55.6     76.7     90.9      1.38      0.84
      256x256x10     54.2     54.1     41.8      1.00      1.30
      512x64x512     38.3     88.0     73.8      2.30      1.19
      512x16x512     17.5     80.1     54.9      4.58      1.46
    2048x128x128     42.1     74.5    102.4      1.77      0.73
     100x100x100     37.9     58.0     65.5      1.53      0.89
     333x257x129     44.3     74.6     97.8      1.69      0.76

  f64: acceleration mediane x1.78, min x1.00, max x3.39, err max 1.49e-15
  f32: acceleration mediane x1.50, min x1.00, max x4.58, err max 8.28e-07
-> /home/user/SpearVM/experiments/results/port_st.csv
