============================================================================================
1. GEMM a m petit : trois formats de poids, memes formes
============================================================================================

   m     k     n    f32 ms  bf16 ms    i8 ms  x bf16  x i8  Go/s f32 Go/s i8  err bf16   err i8
   1   768  3072    0.6307   0.2140   0.1199    2.95  5.26      15.0    19.7   1.4e-03  7.5e-03
   2   768  3072    0.8475   0.2783   0.3463    3.04  2.45      11.1     6.8   1.5e-03  7.3e-03
   4   768  3072    1.2229   0.5481   0.5894    2.23  2.08       7.7     4.0   1.6e-03  7.9e-03
  16   768  3072    1.4988   1.0420   1.6066    1.44  0.93       6.3     1.5   1.8e-03  8.4e-03
  64   768  3072    5.4745   3.5440   3.7829    1.54  1.45       1.7     0.6   1.7e-03  7.4e-03
   1  3072   768    0.6131   0.1729   0.1044    3.54  5.87      15.4    22.6   1.8e-03  9.6e-03
   2  3072   768    0.5292   0.2422   0.1694    2.19  3.12      17.8    13.9   1.9e-03  1.0e-02
   4  3072   768    0.7927   0.4682   0.2713    1.69  2.92      11.9     8.7   1.8e-03  9.0e-03
  16  3072   768    1.1772   0.8677   0.9547    1.36  1.23       8.0     2.5   1.6e-03  8.6e-03
  64  3072   768    4.9826   3.2151   3.5993    1.55  1.38       1.9     0.7   1.6e-03  8.3e-03
   1   512  2048    0.2943   0.1172   0.0550    2.51  5.35      14.3    19.1   1.6e-03  7.7e-03
   2   512  2048    0.2997   0.1421   0.0873    2.11  3.43      14.0    12.0   2.0e-03  8.3e-03
   4   512  2048    0.4337   0.2607   0.1311    1.66  3.31       9.7     8.0   2.0e-03  8.1e-03
  16   512  2048    0.4722   0.4602   0.4312    1.03  1.09       8.9     2.4   1.6e-03  1.0e-02
  64   512  2048    2.0842   1.7230   1.7355    1.21  1.20       2.0     0.6   1.3e-03  8.5e-03
   1  2048   512    0.2710   0.0889   0.0524    3.05  5.17      15.5    20.0   1.3e-03  9.6e-03
   2  2048   512    0.3558   0.1170   0.0838    3.04  4.25      11.8    12.5   1.4e-03  9.6e-03
   4  2048   512    0.6149   0.2203   0.2525    2.79  2.44       6.8     4.2   1.4e-03  9.6e-03
  16  2048   512    0.6739   0.3931   0.4364    1.71  1.54       6.2     2.4   1.7e-03  8.9e-03
  64  2048   512    2.2341   2.5843   1.6116    0.86  1.39       1.9     0.7   1.7e-03  9.6e-03
   1   512   512    0.0580   0.0249   0.0225    2.33  2.57      18.1    11.6   1.3e-03  7.1e-03
   2   512   512    0.0624   0.0354   0.0291    1.76  2.14      16.8     9.0   1.6e-03  7.1e-03
   4   512   512    0.0998   0.0569   0.0419    1.75  2.38      10.5     6.2   1.6e-03  1.1e-02
  16   512   512    0.1218   0.1146   0.1209    1.06  1.01       8.6     2.2   1.9e-03  9.7e-03
  64   512   512    0.5507   0.3681   0.4670    1.50  1.18       1.9     0.6   1.8e-03  8.8e-03

============================================================================================
2. Bloc de decodeur, un token contre un cache KV
============================================================================================

    tk  d_model  d_ff    numpy     f32    bf16      i8   x f32  x bf16  x i8   Mo poids    err i8
   512      512  2048    0.692   0.901   0.406   0.291    0.77    1.70  2.38       2.64   1.4e-02
  2048      512  2048    1.678   1.015   0.488   0.391    1.65    3.44  4.30       2.64   1.1e-02
   512      768  3072    1.209   2.150   0.769   0.496    0.56    1.57  2.44       5.92   1.4e-02
  4096      768  3072    6.390   2.426   1.192   0.826    2.63    5.36  7.74       5.92   1.1e-02
  8192      768  3072   13.262   3.238   1.790   1.370    4.09    7.41  9.68       5.92   9.1e-03

  bloc : i8 contre f32  -> median x2.94
  bloc : i8 contre numpy -> median x4.30, jusqu'a 3439 tokens/s
  erreur i8 sur la sortie du bloc : 9.1e-03 a 1.4e-02
-> results/quant_weights.csv / .json
